# oST version 5.0 parameters


[image]

width
640

height
480

[narrow_stereo]

camera matrix
490.236204 0.000000 313.719833
0.000000 491.773989 233.611454
0.000000 0.000000 1.000000

distortion
0.016857 -0.124582 -0.002841 0.006839 0.000000

rectification
1.000000 0.000000 0.000000
0.000000 1.000000 0.000000
0.000000 0.000000 1.000000

projection
481.294342 0.000000 317.488006 0.000000
0.000000 489.539398 231.897943 0.000000
0.000000 0.000000 1.000000 0.000000
